local_slide( {"name":"B30704FC-7C6F-43DE-897B-2B27FBD60AEA","json":{"assets":{"AAF2027DB600BFFF5AA56069FCD5F8E0":{"type":"texture","index":0,"url":{"native":"assets\/B30704FC-7C6F-43DE-897B-2B27FBD60AEA.pdf"},"width":1920,"height":1080},"6E182CDE580A59859181341167455E98":{"type":"texture","index":1,"url":{"native":"assets\/B30704FC-7C6F-43DE-897B-2B27FBD60AEA.pdf"},"width":1920,"height":1080},"F3626138716D5031E45B2BBE8FC86BF3":{"type":"texture","index":2,"url":{"native":"assets\/B30704FC-7C6F-43DE-897B-2B27FBD60AEA.pdf"},"width":1920,"height":540},"CBA8B2487F482B42372C9C30A1C30CDA":{"type":"texture","index":3,"url":{"native":"assets\/B30704FC-7C6F-43DE-897B-2B27FBD60AEA.pdf"},"width":1920,"height":540}},"events":[{"effects":[{"beginTime":0,"baseLayer":{"animations":[],"initialState":{"affineTransform":[1,0,0,1,0,0],"masksToBounds":false,"rotation":0,"scale":1,"position":{"pointX":960,"pointY":540},"width":1920,"sublayerTransform":[1,0,0,0,0,1,0,0,0,0,1,0,0,0,0,1],"contentsRect":{"y":0,"x":0,"width":1,"height":1},"opacity":1,"edgeAntialiasingMask":251658240,"height":1080,"hidden":false,"anchorPoint":{"pointX":0.5,"pointY":0.5}},"objectID":"0","layers":[{"animations":[],"initialState":{"affineTransform":[1,0,0,1,0,0],"masksToBounds":false,"rotation":0,"scale":1,"position":{"pointX":960,"pointY":540},"width":1920,"sublayerTransform":[1,0,0,0,0,1,0,0,0,0,1,-0.00035007912466775983,0,0,0,1],"contentsRect":{"y":0,"x":0,"width":1,"height":1},"opacity":1,"edgeAntialiasingMask":251658240,"height":1080,"hidden":false,"anchorPoint":{"pointX":0.5,"pointY":0.5}},"layers":[{"animations":[{"additive":false,"timeOffset":0,"beginTime":0,"repeatCount":0,"fillMode":"both","duration":1.5,"autoreverses":false,"animations":[{"repeatCount":0,"removedOnCompletion":true,"from":{"scalar":0.25},"timingFunction":"EaseOut","additive":false,"timeOffset":0,"autoreverses":false,"property":"opacity","fillMode":"removed","duration":1.5,"beginTime":0,"to":{"scalar":1}},{"additive":false,"timeOffset":0,"beginTime":0,"values":[{"transform":[0,0,1,0,0,1,0,0,-1,0,0,0,960,0,960,1]},{"transform":[0.011444940665661414,0,0.99993450452175092,0,0,1,0,0,-0.99993450452175092,0,0.011444940665661414,0,959.93712434088093,0,916.05358666842426,1]},{"transform":[0.042935662744197432,0,0.99907783924212656,0,0,1,0,0,-0.99907783924212656,0,0.042935662744197432,0,959.11472567244152,0,795.24108458217427,1]},{"transform":[0.090788033328029691,0,0.99587023903941851,0,0,1,0,0,-0.99587023903941851,0,0.090788033328029691,0,956.03542947784172,0,612.45375870245743,1]},{"transform":[0.15181406511182061,0,0.98840906998783851,0,0,1,0,0,-0.98840906998783851,0,0.15181406511182061,0,948.87270718832497,0,382.10182863689857,1]},{"transform":[0.22307060841387749,0,0.97480228952432324,0,0,1,0,0,-0.97480228952432324,0,0.22307060841387749,0,935.81019794335032,0,119.59696527727488,1]},{"transform":[0.30171296848215196,0,0.95339880671715127,0,0,1,0,0,-0.95339880671715127,0,0.30171296848215196,0,915.26285444846519,0,-158.0844680141484,1]},{"transform":[0.38493370111098485,0,0.92294422678133647,0,0,1,0,0,-0.92294422678133647,0,0.38493370111098485,0,886.02645771008304,0,-432.72068401233827,1]},{"transform":[0.46996694859607635,0,0.88268401323876533,0,0,1,0,0,-0.88268401323876533,0,0.46996694859607635,0,847.37665270921468,0,-685.88533000815346,1]},{"transform":[0.55414014245852927,0,0.8324233913796758,0,0,1,0,0,-0.8324233913796758,0,0.55414014245852927,0,799.12645572448878,0,-900.45868081283152,1]},{"transform":[0.6349563380038753,0,0.7725480236391189,0,0,1,0,0,-0.7725480236391189,0,0.6349563380038753,0,741.6461026935541,0,-1062.2967648671556,1]},{"transform":[0.71019177876331707,0,0.70400826513400794,0,0,1,0,0,-0.70400826513400794,0,0.71019177876331707,0,675.84793452864767,0,-1161.729048002027,1]},{"transform":[0.77799475155842934,0,0.62827077486346428,0,0,1,0,0,-0.62827077486346428,0,0.77799475155842934,0,603.13994386892568,0,-1194.594093851902,1]},{"transform":[0.83697359249393666,0,0.54724327813852003,0,0,1,0,0,-0.54724327813852003,0,0.83697359249393666,0,525.35354701297922,0,-1162.6157855128358,1]},{"transform":[0.88626390694053359,0,0.46318062055153097,0,0,1,0,0,-0.46318062055153097,0,0.88626390694053359,0,444.65339572946971,0,-1073.0541178636372,1]},{"transform":[0.92556756874030266,0,0.37858245561061737,0,0,1,0,0,-0.37858245561061737,0,0.92556756874030266,0,363.43915738619268,0,-937.70735785157831,1]},{"transform":[0.95515858815526278,0,0.29609470017757006,0,0,1,0,0,-0.29609470017757006,0,0.95515858815526278,0,284.25091217046725,0,-771.46634448081977,1]},{"transform":[0.97585302603728663,0,0.21842818401907457,0,0,1,0,0,-0.21842818401907457,0,0.97585302603728663,0,209.6910566583116,0,-590.70186151470375,1]},{"transform":[0.98894110357870912,0,0.1483087780696912,0,0,1,0,0,-0.1483087780696912,0,0.98894110357870912,0,142.37642694690356,0,-411.78916180095371,1]},{"transform":[0.99607849692356232,0,0.088473882962695538,0,0,1,0,0,-0.088473882962695538,0,0.99607849692356232,0,84.934927644187724,0,-250.04092223902205,1]},{"transform":[0.99912889739003885,0,0.041730641022696954,0,0,1,0,0,-0.041730641022696954,0,0.99912889739003885,0,40.061415381789075,0,-119.24329482931125,1]},{"transform":[0.99993848884782222,0,0.011091371454141605,0,0,1,0,0,-0.011091371454141605,0,0.99993848884782222,0,10.647716595975941,0,-31.882134221889601,1]},{"transform":[1,0,0,0,0,1,0,0,0,0,1,0,0,0,0,1]}],"repeatCount":0,"fillMode":"removed","duration":1.5,"autoreverses":false,"property":"transform","keyTimes":[0,0.045454545454545456,0.090909090909090912,0.13636363636363635,0.18181818181818182,0.22727272727272727,0.27272727272727271,0.31818181818181818,0.36363636363636365,0.40909090909090912,0.45454545454545453,0.5,0.54545454545454541,0.59090909090909094,0.63636363636363635,0.68181818181818177,0.72727272727272729,0.77272727272727271,0.81818181818181823,0.86363636363636365,0.90909090909090906,0.95454545454545459,1],"removedOnCompletion":true}],"removedOnCompletion":false}],"layers":[{"animations":[],"layers":[],"initialState":{"affineTransform":[1,0,0,1,0,0],"masksToBounds":false,"rotation":0,"scale":1,"position":{"pointX":960,"pointY":1350},"width":1920,"sublayerTransform":[1,0,0,0,0,1,0,0,0,0,1,0,0,0,0,1],"contentsRect":{"y":0,"x":0,"width":1,"height":1},"opacity":1,"edgeAntialiasingMask":251658240,"height":540,"hidden":false,"anchorPoint":{"pointX":0.5,"pointY":0.5}},"texture":"F3626138716D5031E45B2BBE8FC86BF3"}],"texturedRectangle":{"isBackgroundTexture":false,"singleTextureOpacity":1,"textureType":0,"textBaseline":0,"textXHeight":0,"isVerticalText":false},"initialState":{"affineTransform":[1,0,0,1,0,0],"masksToBounds":false,"rotation":0,"scale":1,"position":{"pointX":960,"pointY":540},"width":1920,"sublayerTransform":[1,0,0,0,0,1,0,0,0,0,1,0,0,0,0,1],"contentsRect":{"y":0,"x":0,"width":1,"height":1},"opacity":1,"edgeAntialiasingMask":201326592,"height":1080,"hidden":false,"anchorPoint":{"pointX":0.5,"pointY":0.5}},"texture":"6E182CDE580A59859181341167455E98"},{"animations":[{"additive":false,"timeOffset":0,"beginTime":0,"repeatCount":0,"fillMode":"both","duration":1.5,"autoreverses":false,"animations":[{"repeatCount":0,"removedOnCompletion":true,"from":{"scalar":1},"timingFunction":"EaseIn","additive":false,"timeOffset":0,"autoreverses":false,"property":"opacity","fillMode":"removed","duration":1.5,"beginTime":0,"to":{"scalar":0.25}},{"additive":false,"timeOffset":0,"beginTime":0,"values":[{"transform":[1,0,0,0,0,1,0,0,0,0,1,0,0,0,0,1]},{"transform":[0.99993450452175092,0,-0.011444940665661292,0,0,1,0,0,0.011444940665661292,0,0.99993450452175092,0,-10.987143039034841,0,-32.896394633421664,1]},{"transform":[0.99907783924212656,0,-0.042935662744197411,0,0,1,0,0,0.042935662744197411,0,0.99907783924212656,0,-41.218236234429511,0,-122.65540485583767,1]},{"transform":[0.99587023903941851,0,-0.09078803332802958,0,0,1,0,0,0.09078803332802958,0,0.99587023903941851,0,-87.156511994908399,0,-256.42515878047584,1]},{"transform":[0.98840906998783851,0,-0.15181406511182063,0,0,1,0,0,0.15181406511182063,0,0.98840906998783851,0,-145.7415025073478,0,-421.02937604407862,1]},{"transform":[0.97480228952432324,0,-0.22307060841387746,0,0,1,0,0,0.22307060841387746,0,0.97480228952432324,0,-214.14778407732237,0,-602.06544858875304,1]},{"transform":[0.95339880671715127,0,-0.3017129684821519,0,0,1,0,0,0.3017129684821519,0,0.95339880671715127,0,-289.64444974286585,0,-783.70287271974769,1]},{"transform":[0.92294422678133647,0,-0.38493370111098468,0,0,1,0,0,0.38493370111098468,0,0.92294422678133647,0,-369.5363530665453,0,-949.21078865587583,1]},{"transform":[0.88268401323876533,0,-0.46996694859607635,0,0,1,0,0,0.46996694859607635,0,0.88268401323876533,0,-451.16827065223328,0,-1082.0937120651347,1]},{"transform":[0.8324233913796758,0,-0.55414014245852927,0,0,1,0,0,0.55414014245852927,0,0.8324233913796758,0,-531.97453676018813,0,-1167.6105997771322,1]},{"transform":[0.7725480236391189,0,-0.63495633800387519,0,0,1,0,0,0.63495633800387519,0,0.7725480236391189,0,-609.55808448372022,0,-1194.3847830769896,1]},{"transform":[0.70400826513400805,0,-0.71019177876331707,0,0,1,0,0,0.71019177876331707,0,0.70400826513400805,0,-681.7841076127844,0,-1155.7928749178902,1]},{"transform":[0.62827077486346439,0,-0.77799475155842923,0,0,1,0,0,0.77799475155842923,0,0.62827077486346439,0,-746.87496149609206,0,-1050.8590762247354,1]},{"transform":[0.54724327813852014,0,-0.83697359249393655,0,0,1,0,0,0.83697359249393655,0,0.54724327813852014,0,-803.49464879417906,0,-884.47468373163588,1]},{"transform":[0.46318062055153103,0,-0.88626390694053347,0,0,1,0,0,0.88626390694053347,0,0.46318062055153103,0,-850.81335066291217,0,-666.89416293019485,1]},{"transform":[0.37858245561061743,0,-0.92556756874030266,0,0,1,0,0,0.92556756874030266,0,0.37858245561061743,0,-888.5448659906906,0,-412.60164924708045,1]},{"transform":[0.29609470017757011,0,-0.95515858815526278,0,0,1,0,0,0.95515858815526278,0,0.29609470017757011,0,-916.9522446290523,0,-138.76501202223477,1]},{"transform":[0.21842818401907463,0,-0.97585302603728663,0,0,1,0,0,0.97585302603728663,0,0.21842818401907463,0,-936.81890499579515,0,136.42598682277975,1]},{"transform":[0.14830877806969125,0,-0.98894110357870912,0,0,1,0,0,0.98894110357870912,0,0.14830877806969125,0,-949.38345943556078,0,395.21787068770345,1]},{"transform":[0.088473882962695594,0,-0.99607849692356232,0,0,1,0,0,0.99607849692356232,0,0.088473882962695594,0,-956.23535704661981,0,621.25950716341003,1]},{"transform":[0.041730641022697017,0,-0.99912889739003885,0,0,1,0,0,0.99912889739003885,0,0.041730641022697017,0,-959.16374149443732,0,799.85903128333689,1]},{"transform":[0.011091371454141666,0,-0.99993848884782222,0,0,1,0,0,0.99993848884782222,0,0.011091371454141666,0,-959.94094929390928,0,917.41109847604366,1]},{"transform":[0,0,-1,0,0,1,0,0,1,0,0,0,-960,0,959.99999999999977,1]}],"repeatCount":0,"fillMode":"removed","duration":1.5,"autoreverses":false,"property":"transform","keyTimes":[0,0.045454545454545456,0.090909090909090912,0.13636363636363635,0.18181818181818182,0.22727272727272727,0.27272727272727271,0.31818181818181818,0.36363636363636365,0.40909090909090912,0.45454545454545453,0.5,0.54545454545454541,0.59090909090909094,0.63636363636363635,0.68181818181818177,0.72727272727272729,0.77272727272727271,0.81818181818181823,0.86363636363636365,0.90909090909090906,0.95454545454545459,1],"removedOnCompletion":true}],"removedOnCompletion":false}],"layers":[{"animations":[],"layers":[],"initialState":{"affineTransform":[1,0,0,1,0,0],"masksToBounds":false,"rotation":0,"scale":1,"position":{"pointX":960,"pointY":1350},"width":1920,"sublayerTransform":[1,0,0,0,0,1,0,0,0,0,1,0,0,0,0,1],"contentsRect":{"y":0,"x":0,"width":1,"height":1},"opacity":1,"edgeAntialiasingMask":251658240,"height":540,"hidden":false,"anchorPoint":{"pointX":0.5,"pointY":0.5}},"texture":"CBA8B2487F482B42372C9C30A1C30CDA"}],"texturedRectangle":{"isBackgroundTexture":false,"singleTextureOpacity":1,"textureType":0,"textBaseline":0,"textXHeight":0,"isVerticalText":false},"initialState":{"affineTransform":[1,0,0,1,0,0],"masksToBounds":false,"rotation":0,"scale":1,"position":{"pointX":960,"pointY":540},"width":1920,"sublayerTransform":[1,0,0,0,0,1,0,0,0,0,1,0,0,0,0,1],"contentsRect":{"y":0,"x":0,"width":1,"height":1},"opacity":1,"edgeAntialiasingMask":201326592,"height":1080,"hidden":false,"anchorPoint":{"pointX":0.5,"pointY":0.5}},"texture":"AAF2027DB600BFFF5AA56069FCD5F8E0"}]}]},"effects":[],"duration":1.5,"type":"transition","attributes":{"direction":12},"name":"com.apple.iWork.Keynote.BLTReflection","objectID":"0"}],"automaticPlay":false,"hyperlinks":[],"accessibility":[],"baseLayer":{"animations":[],"initialState":{"affineTransform":[1,0,0,1,0,0],"masksToBounds":false,"rotation":0,"scale":1,"position":{"pointX":960,"pointY":540},"width":1920,"sublayerTransform":[1,0,0,0,0,1,0,0,0,0,1,0,0,0,0,1],"contentsRect":{"y":0,"x":0,"width":1,"height":1},"opacity":1,"edgeAntialiasingMask":251658240,"height":1080,"hidden":false,"anchorPoint":{"pointX":0.5,"pointY":0.5}},"objectID":"0","layers":[{"animations":[],"initialState":{"affineTransform":[1,0,0,1,0,0],"masksToBounds":false,"rotation":0,"scale":1,"position":{"pointX":960,"pointY":540},"width":1920,"sublayerTransform":[1,0,0,0,0,1,0,0,0,0,1,-0.00035007912466775983,0,0,0,1],"contentsRect":{"y":0,"x":0,"width":1,"height":1},"opacity":1,"edgeAntialiasingMask":251658240,"height":1080,"hidden":false,"anchorPoint":{"pointX":0.5,"pointY":0.5}},"layers":[{"animations":[],"layers":[],"texturedRectangle":{"isBackgroundTexture":false,"singleTextureOpacity":1,"textureType":0,"textBaseline":0,"textXHeight":0,"isVerticalText":false},"initialState":{"affineTransform":[1,0,0,1,0,0],"masksToBounds":false,"rotation":0,"scale":1,"position":{"pointX":960,"pointY":540},"width":1920,"sublayerTransform":[1,0,0,0,0,1,0,0,0,0,1,0,0,0,0,1],"contentsRect":{"y":0,"x":0,"width":1,"height":1},"opacity":1,"edgeAntialiasingMask":0,"height":1080,"hidden":false,"anchorPoint":{"pointX":0.5,"pointY":0.5}},"texture":"AAF2027DB600BFFF5AA56069FCD5F8E0"}]}]}}]}} )